127 143 97
141 113 166
123 79 39
139 121 116
222 231 239
105 123 98
130 94 88
144 118 85
159 168 150
138 122 111
164 102 118
105 134 141
87 57 54
179 157 131
51 41 30
103 108 101
105 134 141
131 102 90
105 116 100
59 57 56
144 134 117
124 112 96
94 68 96
129 116 99
180 136 92
155 130 93
186 94 83
164 133 100
123 111 69
145 128 120
111 101 44
61 49 90
122 116 111
124 102 104
98 111 70
136 106 146
145 104 125
152 125 107
74 35 67
109 77 70
69 61 57
180 169 174
94 83 56
104 86 35
103 97 94
156 141 122
108 59 177
99 97 44
128 132 85
173 152 124
156 48 52
172 152 130
188 113 151
86 76 61
116 123 151
171 99 85
142 121 103
86 138 165
115 114 110
87 60 76
159 216 220
165 102 147
131 113 100
80 55 95
141 93 91
95 60 65
133 85 42
73 58 46
126 99 77
102 121 50
203 175 141
161 102 92
78 79 89
81 63 108
128 141 156
100 91 80
139 118 101
150 145 117
146 167 188
127 101 126
58 59 91
111 106 112
101 99 88
86 86 84
102 87 127
133 133 133
161 111 186
79 74 80
133 132 145
74 71 67
162 165 167
99 120 18
153 106 92
177 157 122
137 108 87
73 69 67
129 145 152
71 16 111
126 135 144
97 81 66
170 122 164
66 103 108
116 74 63
120 131 147
168 160 144
100 75 110
113 77 75
134 126 102
110 119 118
134 63 68
110 100 88
29 64 21
115 146 73
129 112 97
160 101 55
136 133 129
221 218 215
186 94 83
168 185 202
95 39 37
214 216 217
107 123 77
147 163 116
147 143 97
127 163 97
127 143 116
121 94 146
160 133 184
160 113 166
141 133 166
141 113 184
105 62 24
141 99 59
141 79 39
123 99 39
123 79 59
119 101 96
158 141 136
158 121 116
139 141 116
139 121 136
202 211 219
241 246 249
241 231 239
222 246 239
222 231 249
85 103 78
125 143 118
125 123 98
105 143 98
105 123 118
110 74 68
150 114 108
150 94 88
130 114 88
130 94 108
124 98 65
164 138 105
164 118 85
144 138 85
144 118 105
139 148 130
178 187 169
178 168 150
159 187 150
159 168 169
119 103 92
157 142 131
157 122 111
138 142 111
138 122 131
144 82 99
184 122 138
184 102 118
164 122 118
164 102 138
86 114 122
125 154 161
125 134 141
105 154 141
105 134 161
67 38 35
106 77 74
106 57 54
87 77 54
87 57 74
159 137 111
199 177 151
199 157 131
179 177 131
179 157 151
31 22 12
70 61 50
70 41 30
51 61 30
51 41 50
83 88 82
123 128 121
123 108 101
103 128 101
103 108 121
86 114 122
125 154 161
125 134 141
105 154 141
105 134 161
111 82 70
151 122 110
151 102 90
131 122 90
131 102 110
87 97 81
125 136 120
125 116 100
105 136 100
105 116 120
42 41 41
79 77 76
79 57 56
59 77 56
59 57 76
124 114 98
161 151 135
161 134 117
144 151 117
144 134 135
104 92 76
144 132 116
144 112 96
124 132 96
124 112 116
74 48 76
114 88 116
114 68 96
94 88 96
94 68 116
109 96 79
149 136 119
149 116 99
129 136 99
129 116 119
160 116 73
198 155 112
198 136 92
180 155 92
180 136 112
135 110 73
175 150 113
175 130 93
155 150 93
155 130 113
166 80 63
206 114 103
206 94 83
186 114 83
186 94 103
144 113 81
184 153 120
184 133 100
164 153 100
164 133 120
104 92 50
143 131 89
143 111 69
123 131 69
123 111 89
125 108 100
165 148 140
165 128 120
145 148 120
145 128 140
91 81 25
131 121 64
131 101 44
111 121 44
111 101 64
44 32 70
81 69 110
81 49 90
61 69 90
61 49 110
102 96 91
142 136 131
142 116 111
122 136 111
122 116 131
104 83 84
143 121 124
143 102 104
124 121 104
124 102 124
79 91 51
118 130 90
118 111 70
98 130 70
98 111 90
116 86 126
155 126 165
155 106 146
136 126 146
136 106 165
125 84 105
165 124 145
165 104 125
145 124 125
145 104 145
132 105 87
172 145 127
172 125 107
152 145 107
152 125 127
55 20 50
94 54 87
94 35 67
74 54 67
74 35 87
89 57 50
129 97 90
129 77 70
109 97 70
109 77 90
51 43 39
89 81 77
89 61 57
69 81 57
69 61 77
160 149 154
199 189 193
199 169 174
180 189 174
180 169 193
74 63 37
114 103 76
114 83 56
94 103 56
94 83 76
85 67 17
124 106 55
124 86 35
104 106 35
104 86 55
84 77 74
123 117 114
123 97 94
103 117 94
103 97 114
136 121 103
175 160 141
175 141 122
156 160 122
156 141 141
88 40 157
128 79 196
128 59 177
108 79 177
108 59 196
79 77 25
119 117 64
119 97 44
99 117 44
99 97 64
108 112 65
147 151 105
147 132 85
128 151 85
128 132 105
153 132 104
193 172 144
193 152 124
173 172 124
173 152 144
138 30 33
175 68 72
175 48 52
156 68 52
156 48 72
152 132 110
192 172 150
192 152 130
172 172 130
172 152 150
168 93 131
208 133 171
208 113 151
188 133 151
188 113 171
66 56 44
106 96 81
106 76 61
86 96 61
86 76 81
96 103 131
136 143 171
136 123 151
116 143 151
116 123 171
151 79 65
191 119 105
191 99 85
171 119 85
171 99 105
122 101 83
161 141 123
161 121 103
142 141 103
142 121 123
70 118 145
106 158 183
106 138 165
86 158 165
86 138 183
96 94 91
135 133 130
135 114 110
115 133 110
115 114 130
70 44 58
107 80 96
107 60 76
87 80 76
87 60 96
139 196 200
179 236 239
179 216 220
159 236 220
159 216 239
145 83 127
185 122 166
185 102 147
165 122 147
165 102 166
111 93 80
150 133 120
150 113 100
131 133 100
131 113 120
62 43 76
100 74 115
100 55 95
80 74 95
80 55 115
121 75 71
161 113 111
161 93 91
141 113 91
141 93 111
75 40 45
115 80 85
115 60 65
95 80 65
95 60 85
113 65 23
153 105 62
153 85 42
133 105 42
133 85 62
55 42 33
93 78 66
93 58 46
73 78 46
73 58 66
106 79 58
146 119 97
146 99 77
126 119 77
126 99 97
82 102 31
122 141 70
122 121 50
102 141 50
102 121 70
183 155 121
221 194 161
221 175 141
203 194 141
203 175 161
141 84 72
181 122 112
181 102 92
161 122 92
161 102 112
58 60 69
98 99 109
98 79 89
78 99 89
78 79 109
63 44 88
101 83 128
101 63 108
81 83 108
81 63 128
109 121 136
148 161 176
148 141 156
128 161 156
128 141 176
81 72 61
120 111 100
120 91 80
100 111 80
100 91 100
119 98 81
158 138 121
158 118 101
139 138 101
139 118 121
130 125 97
170 164 136
170 145 117
150 164 117
150 145 136
126 147 168
165 187 207
165 167 188
146 187 188
146 167 207
107 81 106
147 121 145
147 101 126
127 121 126
127 101 145
39 39 71
78 79 111
78 59 91
58 79 91
58 59 111
92 86 92
131 126 132
131 106 112
111 126 112
111 106 132
81 80 68
121 119 108
121 99 88
101 119 88
101 99 108
69 69 67
106 106 104
106 86 84
86 106 84
86 86 104
82 67 107
122 107 146
122 87 127
102 107 127
102 87 146
113 113 113
153 153 153
153 133 133
133 153 133
133 133 153
141 91 166
180 131 204
180 111 186
161 131 186
161 111 204
60 56 61
99 94 100
99 74 80
79 94 80
79 74 100
113 112 125
153 152 165
153 132 145
133 152 145
133 132 165
63 59 55
94 91 87
94 71 67
74 91 67
74 71 87
142 145 147
182 184 186
182 165 167
162 184 167
162 165 186
79 100 8
119 140 38
119 120 18
99 140 18
99 120 38
133 87 72
173 126 112
173 106 92
153 126 92
153 106 112
157 137 102
196 177 142
196 157 122
177 177 122
177 157 142
117 89 68
157 128 107
157 108 87
137 128 87
137 108 107
53 50 48
92 89 87
92 69 67
73 89 67
73 69 87
109 125 132
147 163 171
147 145 152
129 163 152
129 145 171
52 1 92
91 36 131
91 16 111
71 36 111
71 16 131
106 115 124
145 155 164
145 135 144
126 155 144
126 135 164
79 63 49
116 100 86
116 81 66
97 100 66
97 81 86
150 102 144
188 142 183
188 122 164
170 142 164
170 122 183
46 83 88
86 123 128
86 103 108
66 123 108
66 103 128
96 61 48
136 94 83
136 74 63
116 94 63
116 74 83
100 111 127
140 151 167
140 131 147
120 151 147
120 131 167
148 140 124
188 180 164
188 160 144
168 180 144
168 160 164
80 56 90
120 95 130
120 75 110
100 95 110
100 75 130
93 57 55
133 97 95
133 77 75
113 97 75
113 77 95
114 106 82
153 146 122
153 126 102
134 146 102
134 126 122
90 99 98
130 139 138
130 119 118
110 139 118
110 119 138
114 48 49
153 83 88
153 63 68
134 83 68
134 63 88
90 80 68
129 120 108
129 100 88
110 120 88
110 100 108
15 45 7
49 84 41
49 64 21
29 84 21
29 64 41
95 126 53
135 166 93
135 146 73
115 166 73
115 146 93
110 93 78
149 132 117
149 112 97
129 132 97
129 112 117
140 82 38
177 120 75
177 101 55
160 120 55
160 101 75
116 113 109
156 153 148
156 133 129
136 153 129
136 133 148
201 198 195
236 234 231
236 218 215
221 234 215
221 218 231
166 80 64
206 114 103
206 94 83
186 114 83
186 94 103
148 165 182
187 202 215
187 185 202
168 202 202
168 185 215
76 23 20
115 59 57
115 39 37
95 59 37
95 39 57
194 196 197
228 228 227
228 216 217
214 228 217
214 216 227
